# Blender 4.1.1
# www.blender.org
mtllib Spaceship.mtl
o Cube
v 1.000000 0.500000 -4.000000
v 1.000000 -0.500000 -4.000000
v 1.000000 0.500000 4.000000
v 1.000000 -0.500000 4.000000
v -1.000000 0.500000 -4.000000
v -1.000000 -0.500000 -4.000000
v -1.000000 0.500000 4.000000
v -1.000000 -0.500000 4.000000
vn -0.0000 1.0000 -0.0000
vn -0.0000 -0.0000 1.0000
vn -1.0000 -0.0000 -0.0000
vn -0.0000 -1.0000 -0.0000
vn 1.0000 -0.0000 -0.0000
vn -0.0000 -0.0000 -1.0000
vt 0.625000 0.500000
vt 0.875000 0.500000
vt 0.875000 0.750000
vt 0.625000 0.750000
vt 0.375000 0.750000
vt 0.625000 1.000000
vt 0.375000 1.000000
vt 0.375000 0.000000
vt 0.625000 0.000000
vt 0.625000 0.250000
vt 0.375000 0.250000
vt 0.125000 0.500000
vt 0.375000 0.500000
vt 0.125000 0.750000
s 0
usemtl Material
f 1/1/1 5/2/1 7/3/1 3/4/1
f 4/5/2 3/4/2 7/6/2 8/7/2
f 8/8/3 7/9/3 5/10/3 6/11/3
f 6/12/4 2/13/4 4/5/4 8/14/4
f 2/13/5 1/1/5 3/4/5 4/5/5
f 6/11/6 5/10/6 1/1/6 2/13/6
o Cube.001
v -2.730071 0.200742 -3.047284
v -2.730071 -0.406711 -3.047284
v 0.279590 0.200742 2.165601
v 0.279590 -0.406711 2.165601
v -3.782210 0.200742 -2.439831
v -3.782210 -0.406711 -2.439831
v -0.772549 0.200742 2.773054
v -0.772549 -0.406711 2.773054
vn -0.0000 1.0000 -0.0000
vn 0.5000 -0.0000 0.8660
vn -0.8660 -0.0000 0.5000
vn -0.0000 -1.0000 -0.0000
vn 0.8660 -0.0000 -0.5000
vn -0.5000 -0.0000 -0.8660
vt 0.625000 0.500000
vt 0.875000 0.500000
vt 0.875000 0.750000
vt 0.625000 0.750000
vt 0.375000 0.750000
vt 0.625000 1.000000
vt 0.375000 1.000000
vt 0.375000 0.000000
vt 0.625000 0.000000
vt 0.625000 0.250000
vt 0.375000 0.250000
vt 0.125000 0.500000
vt 0.375000 0.500000
vt 0.125000 0.750000
s 0
usemtl Material.001
f 9/15/7 13/16/7 15/17/7 11/18/7
f 12/19/8 11/18/8 15/20/8 16/21/8
f 16/22/9 15/23/9 13/24/9 14/25/9
f 14/26/10 10/27/10 12/19/10 16/28/10
f 10/27/11 9/15/11 11/18/11 12/19/11
f 14/25/12 13/24/12 9/15/12 10/27/12
o Cube.002
v 2.730071 0.200742 -3.047284
v 2.730071 -0.406710 -3.047284
v -0.279590 0.200742 2.165601
v -0.279590 -0.406710 2.165601
v 3.782210 0.200742 -2.439831
v 3.782210 -0.406710 -2.439831
v 0.772549 0.200742 2.773054
v 0.772549 -0.406710 2.773054
vn -0.0000 1.0000 -0.0000
vn -0.5000 -0.0000 0.8660
vn 0.8660 -0.0000 0.5000
vn -0.0000 -1.0000 -0.0000
vn -0.8660 -0.0000 -0.5000
vn 0.5000 -0.0000 -0.8660
vt 0.625000 0.500000
vt 0.875000 0.500000
vt 0.875000 0.750000
vt 0.625000 0.750000
vt 0.375000 0.750000
vt 0.625000 1.000000
vt 0.375000 1.000000
vt 0.375000 0.000000
vt 0.625000 0.000000
vt 0.625000 0.250000
vt 0.375000 0.250000
vt 0.125000 0.500000
vt 0.375000 0.500000
vt 0.125000 0.750000
s 0
usemtl Material.003
f 17/29/13 19/32/13 23/31/13 21/30/13
f 20/33/14 24/35/14 23/34/14 19/32/14
f 24/36/15 22/39/15 21/38/15 23/37/15
f 22/40/16 24/42/16 20/33/16 18/41/16
f 18/41/17 20/33/17 19/32/17 17/29/17
f 22/39/18 18/41/18 17/29/18 21/38/18
o Cube.003
v -0.290191 0.223738 -2.279048
v 0.290191 0.223738 -2.279048
v -0.290191 1.791468 -4.994434
v 0.290191 1.791468 -4.994434
v -0.290191 -0.438257 -2.661251
v 0.290191 -0.438257 -2.661251
v -0.290191 1.129472 -5.376637
v 0.290191 1.129472 -5.376637
vn -1.0000 -0.0000 -0.0000
vn -0.0000 0.5000 -0.8660
vn -0.0000 -0.8660 -0.5000
vn 1.0000 -0.0000 -0.0000
vn -0.0000 0.8660 0.5000
vn -0.0000 -0.5000 0.8660
vt 0.625000 0.500000
vt 0.875000 0.500000
vt 0.875000 0.750000
vt 0.625000 0.750000
vt 0.375000 0.750000
vt 0.625000 1.000000
vt 0.375000 1.000000
vt 0.375000 0.000000
vt 0.625000 0.000000
vt 0.625000 0.250000
vt 0.375000 0.250000
vt 0.125000 0.500000
vt 0.375000 0.500000
vt 0.125000 0.750000
s 0
usemtl Material.004
f 25/43/19 27/46/19 31/45/19 29/44/19
f 28/47/20 32/49/20 31/48/20 27/46/20
f 32/50/21 30/53/21 29/52/21 31/51/21
f 30/54/22 32/56/22 28/47/22 26/55/22
f 26/55/23 28/47/23 27/46/23 25/43/23
f 30/53/24 26/55/24 25/43/24 29/52/24
